=== Number of dimensions ===
           8
=== Number of derived parameters ===
           0
=== Number of dead points/iterations ===
        1496
=== Number of clusters ===
           1
=== Number of dead clusters ===
           0
=== Number of global weighted posterior points ===
        1458
=== Number of global equally weighted posterior points ===
         235
=== Number of grades ===
           1
=== positions of grades ===
           8
=== Number of repeats ===
          40
=== Number of likelihood calls ===
      262320
=== Number of live points in each cluster ===
          80
=== Number of phantom points in each cluster ===
        4646
=== Number of weighted posterior points in each cluster ===
        1458
=== Number of equally weighted posterior points in each cluster ===
         245
=== Minimum loglikelihood positions ===
          47
=== Number of weighted posterior points in each dead cluster ===
=== Number of equally weighted posterior points in each dead cluster ===
=== global evidence -- log(<Z>) ===
 -0.426841953279583E+002
=== global evidence^2 -- log(<Z^2>) ===
 -0.851895911222036E+002
=== posterior thin factor ===
  0.000000000000000E+000
=== local loglikelihood bounds ===
 -0.265845453777413E+002
=== local volume -- log(<X_p>) ===
 -0.185840899178434E+002
=== last update volume ===
 -0.181120341578982E+002
=== global evidence volume cross correlation -- log(<ZX_p>) ===
 -0.610838586056903E+002
=== local evidence -- log(<Z_p>) ===
 -0.426841953279583E+002
=== local evidence^2 -- log(<Z_p^2>) ===
 -0.851895911222036E+002
=== local evidence volume cross correlation -- log(<Z_pX_p>) ===
 -0.610838586056903E+002
=== local volume cross correlation -- log(<X_pX_q>) ===
 -0.369401484351957E+002
=== maximum log weights -- log(w_p) ===
 -0.482167441656085E+002
=== local dead evidence -- log(<Z_p>) ===
=== local dead evidence^2 -- log(<Z_p^2>) ===
=== maximum dead log weights -- log(w_p) ===
=== covariance matrices ===
---------------------------------------
  0.342934298194379E-001 -0.540396075737565E-002  0.144496318545893E-001 -0.177099128024715E-001  0.142750962795070E-001  0.491847661428369E-003 -0.522793085500995E-002  0.105714148796981E-002
 -0.540396075737565E-002  0.632245648609990E-002 -0.142057771390102E-001  0.125192302481958E-002 -0.127190982423216E-002  0.157385480943050E-003  0.589371130014947E-002 -0.183283288796939E-002
  0.144496318545893E-001 -0.142057771390102E-001  0.355669020696763E-001 -0.590050837727795E-002  0.429447223211603E-002  0.961458279243567E-005 -0.127347512497935E-001  0.462815876312458E-002
 -0.177099128024715E-001  0.125192302481958E-002 -0.590050837727795E-002  0.595311211412658E-001 -0.423775786624443E-002 -0.140459548258247E-002  0.420176450370378E-002 -0.301568012185865E-002
  0.142750962795070E-001 -0.127190982423216E-002  0.429447223211603E-002 -0.423775786624443E-002  0.883172521945507E-002  0.222862397507550E-003 -0.140735211158564E-002 -0.256743632497753E-003
  0.491847661428369E-003  0.157385480943050E-003  0.961458279243567E-005 -0.140459548258247E-002  0.222862397507550E-003  0.133109391046043E-003 -0.470798830444169E-004  0.173889863119318E-003
 -0.522793085500995E-002  0.589371130014947E-002 -0.127347512497935E-001  0.420176450370378E-002 -0.140735211158564E-002 -0.470798830444169E-004  0.694920727870274E-002 -0.166174127318572E-002
  0.105714148796981E-002 -0.183283288796939E-002  0.462815876312458E-002 -0.301568012185865E-002 -0.256743632497753E-003  0.173889863119318E-003 -0.166174127318572E-002  0.283589632175678E-002
=== cholesky decompositions ===
---------------------------------------
  0.185184853104777E+000 -0.291814404189856E-001  0.780281519375332E-001 -0.956337006269692E-001  0.770856581419766E-001  0.265598213451120E-002 -0.282308772416284E-001  0.570857427184762E-002
  0.000000000000000E+000  0.739655326565901E-001 -0.161275162143765E+000 -0.208043673425277E-001  0.132164358301167E-001  0.317568003526370E-002  0.685440022650264E-001 -0.225273638697937E-001
  0.000000000000000E+000  0.000000000000000E+000  0.588967881160926E-001 -0.304535311388695E-001  0.698006854063991E-002  0.534038489911051E-002  0.887140071528110E-002  0.933200297167681E-002
  0.000000000000000E+000  0.000000000000000E+000  0.000000000000000E+000  0.221416072556416E+000  0.163572416669885E-001 -0.416362046251447E-002  0.144439438582453E-001 -0.119874908736883E-001
  0.000000000000000E+000  0.000000000000000E+000  0.000000000000000E+000  0.000000000000000E+000  0.489752145522355E-001  0.142565761109800E-003 -0.888714498347149E-002 -0.547454699079916E-002
  0.000000000000000E+000  0.000000000000000E+000  0.000000000000000E+000  0.000000000000000E+000  0.000000000000000E+000  0.837224193618834E-002 -0.209912219374758E-001  0.156828153609410E-001
  0.000000000000000E+000  0.000000000000000E+000  0.000000000000000E+000  0.000000000000000E+000  0.000000000000000E+000  0.000000000000000E+000  0.254362456574484E-001  0.162932668746705E-001
  0.000000000000000E+000  0.000000000000000E+000  0.000000000000000E+000  0.000000000000000E+000  0.000000000000000E+000  0.000000000000000E+000  0.000000000000000E+000  0.390339372067215E-001
=== live points ===
---------------------------------------
  0.395014949268940E+000  0.246573046974285E+000  0.760172202062177E+000  0.523680534861414E+000  0.350172974373582E-001  0.481966115536576E+000  0.107753867723119E+000  0.294041975950852E+000 -0.433782750541870E+001 -0.332367738029462E+001 -0.162413707276421E+001 -0.595263893027717E+001 -0.692996540512528E+001 -0.603606776892685E+001 -0.678449226455376E+001 -0.641191604809829E+001 -0.273429349470307E+002 -0.264962732344463E+002
  0.274462173684201E+000  0.214338491162694E+000  0.801480918182047E+000  0.736309733164598E+000  0.408991809347141E-001  0.457430428772420E+000  0.102723508650511E+000  0.256567968092603E+000 -0.456340597452349E+001 -0.340927432871365E+001 -0.156406289671731E+001 -0.552738053367080E+001 -0.691820163813057E+001 -0.608513914245516E+001 -0.679455298269898E+001 -0.648686406381479E+001 -0.270255166240032E+002 -0.265824324353957E+002
  0.386610862088423E+000  0.330312606444095E+000  0.433902989623030E+000  0.752316715466878E+000  0.331870747521805E-001  0.465309900488648E+000  0.160960186533096E+000  0.194454193215968E+000 -0.437777376768288E+001 -0.339056194914977E+001 -0.219965402607978E+001 -0.549536656906624E+001 -0.693362585049564E+001 -0.606938019902270E+001 -0.667807962693381E+001 -0.661109161356806E+001 -0.266555757500669E+002 -0.261534294406039E+002
  0.452752220160696E+000  0.249569809053056E+000  0.790550696806806E+000  0.221254798704003E+000  0.292426087646358E-001  0.485341329122261E+000  0.101885655274099E+000  0.257581325035613E+000 -0.422640438950066E+001 -0.329134883043806E+001 -0.157975367584517E+001 -0.655749040259199E+001 -0.694151478247073E+001 -0.602931734175548E+001 -0.679622868945180E+001 -0.648483734992877E+001 -0.267024910959504E+002 -0.262852553693031E+002
  0.458924725046779E+000  0.237170526771845E+000  0.805675586368395E+000  0.147628744998925E+000  0.687354341364312E-002  0.481210847255482E+000  0.108131449682408E+000  0.251143214438696E+000 -0.423074081052720E+001 -0.332377915704064E+001 -0.155807916291116E+001 -0.670474251000215E+001 -0.698625291317271E+001 -0.603757830548904E+001 -0.678373710063518E+001 -0.649771357112261E+001 -0.267868367252102E+002 -0.263050616142781E+002
  0.672160524772962E+000  0.272849926274182E+000  0.592743985790586E+000  0.113119392079737E+000  0.174060388700333E+000  0.468173313464275E+000  0.716845438385456E-001  0.189433727037502E+000 -0.390905015418834E+001 -0.337695043727813E+001 -0.189279532536662E+001 -0.677376121584053E+001 -0.665187922259933E+001 -0.606365337307145E+001 -0.685663091232291E+001 -0.662113254592500E+001 -0.268547439286975E+002 -0.264017025941139E+002
  0.360509008933571E+000  0.316811038313805E+000  0.558482378476790E+000  0.551592991679167E+000  0.566449509776590E-001  0.488013517193752E+000  0.792882751720398E-001  0.258394407989189E+000 -0.438188837890757E+001 -0.328544750401416E+001 -0.195385456509524E+001 -0.589681401664167E+001 -0.688671009804468E+001 -0.602397296561250E+001 -0.684142344965592E+001 -0.648321118402162E+001 -0.275972005653615E+002 -0.264632766223773E+002
  0.132824570709670E+000  0.327144631813928E+000  0.469991607046534E+000  0.235653522473172E+000  0.103096519801946E-002  0.474749512266893E+000  0.122199505487117E+000  0.220055546856081E+000 -0.478151288481594E+001 -0.335507004452035E+001 -0.212407530256168E+001 -0.652869295505366E+001 -0.699793806960396E+001 -0.605050097546621E+001 -0.675560098902577E+001 -0.655988890628784E+001 -0.267908546545794E+002 -0.265264046322668E+002
  0.341345171933763E+000  0.376680626600797E+000  0.324386641691354E+000  0.796097293995378E+000  0.170345472967282E-001  0.448844355193197E+000  0.271751518267142E+000  0.139986304379831E+000 -0.446754586595578E+001 -0.344012988076615E+001 -0.245843163166681E+001 -0.540780541200924E+001 -0.696593090540654E+001 -0.610231128961361E+001 -0.645649696346572E+001 -0.672002739124034E+001 -0.269665638923844E+002 -0.264854091550410E+002
  0.341277644729199E+000  0.239559031244581E+000  0.769250319858451E+000  0.592296799872451E+000  0.804023102885703E-002  0.479228314331941E+000  0.111482146093868E+000  0.312815403868830E+000 -0.443386828317531E+001 -0.334114034256796E+001 -0.161075182097333E+001 -0.581540640025510E+001 -0.698391953794229E+001 -0.604154337133612E+001 -0.677703570781226E+001 -0.637436919226234E+001 -0.268479712654527E+002 -0.262951674500990E+002
  0.285963258693637E+000  0.444873007768147E+000  0.289274165835290E+000  0.679074186387931E+000  0.797353554342007E-001  0.473106440867641E+000  0.316991385671199E+000  0.199284402814577E+000 -0.453339904318759E+001 -0.336831850726564E+001 -0.255365694123185E+001 -0.564185162722414E+001 -0.684052928913160E+001 -0.605378711826472E+001 -0.636601722865760E+001 -0.660143119437085E+001 -0.266748064998279E+002 -0.263302664302956E+002
  0.669783320923461E+000  0.240781771227320E+000  0.719257567537264E+000  0.792993408878295E-001  0.179405123134418E+000  0.472889289786965E+000  0.569079175589438E-001  0.197248609847387E+000 -0.391076458409855E+001 -0.337374956665139E+001 -0.168582358127715E+001 -0.684140131822434E+001 -0.664118975373116E+001 -0.605422142042607E+001 -0.688618416488211E+001 -0.660550278030523E+001 -0.267049018597960E+002 -0.263230280023589E+002
  0.601067518364399E+000  0.265674216250005E+000  0.647126021788539E+000  0.237666896057558E-001  0.794989831839393E-001  0.474803071249656E+000  0.825614286188303E-001  0.302969931262199E+000 -0.400876857764634E+001 -0.335088173613015E+001 -0.180053696096347E+001 -0.695246662078849E+001 -0.684100203363212E+001 -0.605039385750069E+001 -0.683487714276234E+001 -0.639406013747560E+001 -0.266740376648688E+002 -0.264835852835452E+002
  0.645628698176568E+000  0.257660585447308E+000  0.663212900961794E+000  0.478279851950600E-001  0.141906863026817E+000  0.472486081072590E+000  0.693152881555025E-001  0.237073022298506E+000 -0.394284511920917E+001 -0.336259620463507E+001 -0.177424188801865E+001 -0.690434402960988E+001 -0.671618627394637E+001 -0.605502783785482E+001 -0.686136942368899E+001 -0.652585395540299E+001 -0.271109233309866E+002 -0.262814655941712E+002
  0.638081490539592E+000  0.248212575680109E+000  0.684977096620757E+000  0.207431369975298E+000  0.131862731099264E+000  0.473212067115863E+000  0.744346286316550E-001  0.266843572285500E+000 -0.396344059353223E+001 -0.337550622947673E+001 -0.173933516598778E+001 -0.658513726004940E+001 -0.673627453780147E+001 -0.605357586576827E+001 -0.685113074273669E+001 -0.646631285542900E+001 -0.266710895655995E+002 -0.264949723118804E+002
  0.277563940212913E+000  0.442973597544641E+000  0.291736596371241E+000  0.661406207969968E+000  0.779705592574054E-001  0.470538976646560E+000  0.319016591166854E+000  0.197727604957295E+000 -0.454679320600653E+001 -0.336719858622187E+001 -0.254673509097204E+001 -0.567718758406007E+001 -0.684405888148519E+001 -0.605892204670688E+001 -0.636196681766629E+001 -0.660454479008541E+001 -0.272802719635383E+002 -0.265815264445210E+002
  0.480667535163449E+000  0.238206068517547E+000  0.805503657921983E+000  0.332237270510886E+000  0.416825609407090E-001  0.481370296352028E+000  0.109929003900439E+000  0.264407755062728E+000 -0.419259546778512E+001 -0.332024325932408E+001 -0.155832401175218E+001 -0.633552545897823E+001 -0.691663487811858E+001 -0.603725940729594E+001 -0.678014199219912E+001 -0.647118448987454E+001 -0.267513214403435E+002 -0.265441368693061E+002
  0.605221054344374E+000  0.274310523115431E+000  0.636848235611034E+000  0.132651287850560E-001  0.126388384870657E+000  0.481181945201263E+000  0.743788830733376E-001  0.268025932442763E+000 -0.399122404599660E+001 -0.333321073884948E+001 -0.181756560520719E+001 -0.697346974242989E+001 -0.674722323025869E+001 -0.603763610959747E+001 -0.685124223385332E+001 -0.646394813511447E+001 -0.267811275708594E+002 -0.264783098167855E+002
  0.421633961237838E+000  0.266314528541223E+000  0.634571078701562E+000  0.663424408976298E+000  0.512941250388937E-001  0.473695960392813E+000  0.563743474119720E-001  0.190564974608820E+000 -0.430836985240368E+001 -0.335964317113871E+001 -0.182136324320357E+001 -0.567315118204740E+001 -0.689741174992221E+001 -0.605260807921437E+001 -0.688725130517606E+001 -0.661887005078236E+001 -0.268829038162868E+002 -0.263838152962200E+002
  0.305258789315603E+000  0.441204399813809E+000  0.326677335384777E+000  0.338031998842940E+000  0.102899838966501E-001  0.483253303838083E+000  0.273302653741297E+000  0.129442432619538E+000 -0.448345451182003E+001 -0.330784401216399E+001 -0.245246313269816E+001 -0.632393600231412E+001 -0.697942003220670E+001 -0.603349339232383E+001 -0.645339469251741E+001 -0.674111513476092E+001 -0.266420996808441E+002 -0.265667748698138E+002
  0.515796551569636E+000  0.235853947675328E+000  0.801005497041289E+000  0.481544859658045E-001  0.198771722700086E-001  0.482082125657778E+000  0.106848123226208E+000  0.264670808101976E+000 -0.413948327131194E+001 -0.333167413378513E+001 -0.156474240560960E+001 -0.690369102806839E+001 -0.696024565545998E+001 -0.603583574868444E+001 -0.678630375354758E+001 -0.647065838379605E+001 -0.270894529395053E+002 -0.264580127474393E+002
  0.324063068059111E+000  0.208826557363711E+000  0.821512846588942E+000  0.685031256466784E+000  0.300312959548150E-002  0.455404948208190E+000  0.741177117729412E-001  0.186266242434308E+000 -0.448697168760023E+001 -0.341688744270547E+001 -0.153567259576076E+001 -0.562993748706643E+001 -0.699399374080904E+001 -0.608919010358362E+001 -0.685176457645412E+001 -0.662746751513138E+001 -0.266408928262365E+002 -0.264028551349190E+002
  0.809080152642996E+000  0.227119344214746E+000  0.834059502362117E+000  0.618532932760356E+000  0.345487362431014E+000  0.478013350126629E+000  0.711591840562478E-001  0.173400638276443E+000 -0.365744599361780E+001 -0.334064152729921E+001 -0.151812517144817E+001 -0.576293413447929E+001 -0.630902527513797E+001 -0.604397329974674E+001 -0.685768163188750E+001 -0.665319872344711E+001 -0.266684331760343E+002 -0.265310031546495E+002
  0.351745312102104E+000  0.208654059338190E+000  0.802807519259544E+000  0.709915652859820E+000  0.228222385722690E-001  0.454379242651635E+000  0.725446655225220E-001  0.181269241708489E+000 -0.444763473916435E+001 -0.342964428570604E+001 -0.156216823512953E+001 -0.558016869428036E+001 -0.695435552285546E+001 -0.609124151469673E+001 -0.685491066895496E+001 -0.663746151658302E+001 -0.265855767566354E+002 -0.265701559040436E+002
  0.687130672058571E+000  0.253023683439453E+000  0.695370449052020E+000  0.109861102892001E+000  0.188788537029519E+000  0.474609225198718E+000  0.559140842559247E-001  0.227581532246740E+000 -0.386732284418043E+001 -0.335158405543710E+001 -0.172292621564073E+001 -0.678027779421600E+001 -0.662242292594096E+001 -0.605078154960256E+001 -0.688817183148815E+001 -0.654483693550652E+001 -0.267820333692048E+002 -0.262412879091496E+002
  0.276146250713866E+000  0.438697428526801E+000  0.288412606243911E+000  0.674313962382506E+000  0.672995813890889E-001  0.468548580786453E+000  0.319640749448178E+000  0.184223637748257E+000 -0.455300027969389E+001 -0.338129353865726E+001 -0.255608804466715E+001 -0.565137207523499E+001 -0.686540083722182E+001 -0.606290283842709E+001 -0.636071850110364E+001 -0.663155272450349E+001 -0.351213811020602E+002 -0.263900593816718E+002
  0.358162800463152E+000  0.209692775391025E+000  0.801788360454427E+000  0.698057894278989E+000  0.835533634188317E-002  0.457721108325149E+000  0.648355613725321E-001  0.183816042323033E+000 -0.443639746690152E+001 -0.342640683965598E+001 -0.156362361935549E+001 -0.560388421144202E+001 -0.698328932731623E+001 -0.608455778334970E+001 -0.687032887725494E+001 -0.663236791535393E+001 -0.293388561525368E+002 -0.265639655341781E+002
  0.477922384937407E+000  0.259509163954967E+000  0.789980817235103E+000  0.971051936863985E-001  0.545163536588426E-001  0.491117273267507E+000  0.787077954072402E-001  0.234996491133797E+000 -0.416749526329891E+001 -0.325807544710399E+001 -0.158057571760166E+001 -0.680578961262720E+001 -0.689096729268231E+001 -0.601776545346499E+001 -0.684258440918552E+001 -0.653000701773241E+001 -0.268515838543340E+002 -0.265641986473000E+002
  0.489514513205873E+000  0.243764634206822E+000  0.806890036809202E+000  0.129007340374016E+000  0.445188174052345E-001  0.487177287442699E+000  0.102347569433523E+000  0.249457376483175E+000 -0.416771925278144E+001 -0.329978330618252E+001 -0.155635061616240E+001 -0.674198531925197E+001 -0.691096236518953E+001 -0.602564542511460E+001 -0.679530486113295E+001 -0.650108524703365E+001 -0.265881899869548E+002 -0.262305411164008E+002
  0.619851666639447E+000  0.256275607377992E+000  0.703132014515826E+000  0.114964234587414E+000  0.117746826999069E+000  0.479569546276956E+000  0.814950034336041E-001  0.303597606504010E+000 -0.396786974366367E+001 -0.333487540344601E+001 -0.171077865161267E+001 -0.677007153082517E+001 -0.676450634600186E+001 -0.604086090744609E+001 -0.683700999313279E+001 -0.639280478699198E+001 -0.297550919911108E+002 -0.264040308570276E+002
  0.668848892998753E+000  0.240932167057034E+000  0.709180393976136E+000  0.164585125062967E+000  0.176516002150067E+000  0.469679986631029E+000  0.696157691022896E-001  0.218178650615674E+000 -0.391704987489870E+001 -0.338087475895199E+001 -0.170137421304859E+001 -0.667082974987407E+001 -0.664696799569987E+001 -0.606064002673794E+001 -0.686076846179542E+001 -0.656364269876865E+001 -0.267071862986623E+002 -0.265035589192024E+002
  0.335533178290566E+000  0.252101886904596E+000  0.771438964271504E+000  0.497118364291230E+000  0.234441105465464E-001  0.487143407780736E+000  0.945057562540087E-001  0.279829340978536E+000 -0.442847111400765E+001 -0.329665462919612E+001 -0.160754054068007E+001 -0.600576327141754E+001 -0.695311177890691E+001 -0.602571318443853E+001 -0.681098848749198E+001 -0.644034131804293E+001 -0.267272785202018E+002 -0.263068127233559E+002
  0.595702463747109E+000  0.222521472686400E+000  0.847614671370921E+000  0.248770048305116E+000  0.107670511203699E+000  0.473858630944668E+000  0.117389566772791E+000  0.231822549000792E+000 -0.401630078753186E+001 -0.334867358734689E+001 -0.149936391969364E+001 -0.650245990338977E+001 -0.678465897759260E+001 -0.605228273811066E+001 -0.676522086645442E+001 -0.653635490199841E+001 -0.267620128045982E+002 -0.264650243092209E+002
  0.246121021575025E+000  0.210319744254170E+000  0.790905974724510E+000  0.613434183777160E+000  0.176746125423129E-001  0.451159185473096E+000  0.850998714249684E-001  0.234666004284317E+000 -0.461388990206088E+001 -0.343121853034635E+001 -0.157924139328380E+001 -0.577313163244568E+001 -0.696465077491537E+001 -0.609768162905381E+001 -0.682980025715006E+001 -0.653066799143137E+001 -0.268087654110083E+002 -0.264440140047441E+002
  0.368566047032834E+000  0.316274936978272E+000  0.539097734475979E+000  0.389760180633045E+000  0.271856887631901E-001  0.483471182635702E+000  0.906374527117546E-001  0.197671967724165E+000 -0.437600033173234E+001 -0.330695292392989E+001 -0.198951376964490E+001 -0.622047963873391E+001 -0.694562862247362E+001 -0.603305763472860E+001 -0.681872509457649E+001 -0.660465606455167E+001 -0.266791747121757E+002 -0.264226881439005E+002
  0.174602333729253E+000  0.322026005588810E+000  0.486855116463316E+000  0.259621134873052E+000  0.588260358651190E-002  0.477097524319516E+000  0.125408574880334E+000  0.191440630355333E+000 -0.471167902423637E+001 -0.334869918628515E+001 -0.209008219156837E+001 -0.648075773025390E+001 -0.698823479282698E+001 -0.604580495136097E+001 -0.674918285023933E+001 -0.661711873928933E+001 -0.267714174167396E+002 -0.263874094691545E+002
  0.687513862667541E+000  0.239219574789887E+000  0.714569794655935E+000  0.149227194325009E+000  0.187713431659127E+000  0.470190572978316E+000  0.620210080178011E-001  0.216244857674670E+000 -0.388798961225982E+001 -0.338256295891169E+001 -0.169303934656196E+001 -0.670154561134998E+001 -0.662457313668175E+001 -0.605961885404337E+001 -0.687595798396440E+001 -0.656751028465066E+001 -0.266676677180577E+002 -0.262264267537124E+002
  0.267007498089504E+000  0.456008765355979E+000  0.301044672903130E+000  0.389366236703355E+000  0.969606364658318E-002  0.480924658883144E+000  0.302216183994214E+000  0.140854750049549E+000 -0.455300653090741E+001 -0.332591416986067E+001 -0.252091666980382E+001 -0.622126752659329E+001 -0.698060787270683E+001 -0.603815068223371E+001 -0.639556763201157E+001 -0.671829049990090E+001 -0.270276700950381E+002 -0.264724800341631E+002
  0.338320972570287E+000  0.211333934516489E+000  0.812425955306893E+000  0.711882599969004E+000  0.122271983376556E-001  0.457276646715289E+000  0.677011658335393E-001  0.181958412317496E+000 -0.446318792113429E+001 -0.341330534495852E+001 -0.154849315138477E+001 -0.557623480006199E+001 -0.697554560332469E+001 -0.608544670656942E+001 -0.686459766833292E+001 -0.663608317536501E+001 -0.270978402106314E+002 -0.261724445805041E+002
  0.464501995096810E+000  0.240758056937559E+000  0.808539221484812E+000  0.976520491322539E-001  0.134138729024156E-001  0.483443211552077E+000  0.109672597404766E+000  0.256656261437685E+000 -0.421459709118946E+001 -0.330915062346105E+001 -0.155400607985050E+001 -0.680469590173549E+001 -0.697317225419517E+001 -0.603311357689585E+001 -0.678065480519047E+001 -0.648668747712463E+001 -0.271355505822693E+002 -0.264598973589092E+002
  0.495964980235249E+000  0.244039420023965E+000  0.815765116276149E+000  0.220845745626801E+000  0.523532647981446E-001  0.484631939407351E+000  0.109499496567229E+000  0.259199305427905E+000 -0.415319478486979E+001 -0.329261087198424E+001 -0.154377092286649E+001 -0.655830850874640E+001 -0.689529347040371E+001 -0.603073612118530E+001 -0.678100100686554E+001 -0.648160138914419E+001 -0.274657680649246E+002 -0.265597391902111E+002
  0.559034483322458E+000  0.229511096937229E+000  0.831436159190793E+000  0.233377723311332E+000  0.786160860588185E-001  0.477647499969099E+000  0.112494733893025E+000  0.243372681557733E+000 -0.406846848089078E+001 -0.333367789125827E+001 -0.152177948538283E+001 -0.653324455337734E+001 -0.684276782788236E+001 -0.604470500006180E+001 -0.677501053221395E+001 -0.651325463688453E+001 -0.266346705414407E+002 -0.261552711338409E+002
  0.245041838917419E+000  0.199983887307512E+000  0.820794612457021E+000  0.577777742681583E+000  0.160990892260379E-001  0.448179762784335E+000  0.790330346137253E-001  0.195983944118285E+000 -0.462048403097949E+001 -0.345121971538741E+001 -0.153668249015978E+001 -0.584444451463683E+001 -0.696780182154792E+001 -0.610364047443133E+001 -0.684193393077255E+001 -0.660803211176343E+001 -0.267521419374714E+002 -0.264479556873213E+002
  0.652811912158769E+000  0.243100886599905E+000  0.705355626999395E+000  0.274746587372452E-001  0.158844647877601E+000  0.471349538699245E+000  0.671879036259674E-001  0.211565939994277E+000 -0.394018141768800E+001 -0.337653302188174E+001 -0.170731497905466E+001 -0.694505068252551E+001 -0.668231070424480E+001 -0.605730092260151E+001 -0.686562419274807E+001 -0.657686812001145E+001 -0.276681606085097E+002 -0.264915891447879E+002
  0.368447645360078E+000  0.292714140615132E+000  0.556607520432546E+000  0.543122306181013E+000  0.245139759899928E-001  0.476674903165255E+000  0.860764024970523E-001  0.211061124820472E+000 -0.439345717480727E+001 -0.335378829847054E+001 -0.195726708281601E+001 -0.591375538763797E+001 -0.695097204802001E+001 -0.604665019366949E+001 -0.682784719500590E+001 -0.657787775035906E+001 -0.279105719124376E+002 -0.265756436272225E+002
  0.290098752053100E+000  0.208436618762209E+000  0.816149700633415E+000  0.737419760381777E+000  0.350892068120978E-001  0.456224343088252E+000  0.984026853727840E-001  0.236664339845882E+000 -0.454217065922643E+001 -0.342181554545339E+001 -0.154322787324548E+001 -0.552516047923644E+001 -0.692982158637580E+001 -0.608755131382350E+001 -0.680319462925443E+001 -0.652667132030824E+001 -0.269273135586872E+002 -0.262381881056529E+002
  0.350429779691724E+000  0.210280054709894E+000  0.795981834042017E+000  0.696646049901488E+000  0.134420573333208E-001  0.455400179883887E+000  0.720120218324416E-001  0.186948139208348E+000 -0.444913069384871E+001 -0.342801799939522E+001 -0.157193910228610E+001 -0.560670790019702E+001 -0.697311588533336E+001 -0.608919964023223E+001 -0.685597595633512E+001 -0.662610372158330E+001 -0.268112341268902E+002 -0.265845453777413E+002
  0.360093608629414E+000  0.245086622145318E+000  0.769739264920549E+000  0.379881851736027E+000  0.195427430454644E-002  0.482660585613728E+000  0.105872945391891E+000  0.279712579256804E+000 -0.439567498334747E+001 -0.332175578191263E+001 -0.161003389030780E+001 -0.624023629652795E+001 -0.699609145139091E+001 -0.603467882877254E+001 -0.678825410921622E+001 -0.644057484148639E+001 -0.269821031663280E+002 -0.263991902271382E+002
  0.260587836282106E+000  0.462997718771252E+000  0.289732946201008E+000  0.370133630600892E+000  0.202946727802811E-002  0.480397593880724E+000  0.315478195273807E+000  0.142776562660722E+000 -0.456599939402963E+001 -0.333453237049588E+001 -0.255236434815100E+001 -0.625973273879822E+001 -0.699594106544394E+001 -0.603920481223855E+001 -0.636904360945239E+001 -0.671444687467856E+001 -0.266177351628815E+002 -0.265576570275415E+002
  0.364347850620483E+000  0.294287604449414E+000  0.604627017389505E+000  0.706612894956627E+000  0.638891391602357E-001  0.482378617940719E+000  0.739955461930694E-001  0.277778647646434E+000 -0.438177648110390E+001 -0.330320525332242E+001 -0.187216866579239E+001 -0.558677421008675E+001 -0.687222172167953E+001 -0.603524276411856E+001 -0.685200890761386E+001 -0.644444270470713E+001 -0.267091516089854E+002 -0.265180110421268E+002
  0.728189068649042E+000  0.236540935856913E+000  0.766057151568976E+000  0.337871839065722E+000  0.238275536280114E+000  0.476859526796143E+000  0.112427074269276E+000  0.318672730047479E+000 -0.380133310655655E+001 -0.335390704825156E+001 -0.161544792957718E+001 -0.632425632186856E+001 -0.652344892743977E+001 -0.604628094640771E+001 -0.677514585146145E+001 -0.636265453990504E+001 -0.294189852040587E+002 -0.265144471511031E+002
  0.819880996879979E+000  0.226505518129076E+000  0.839897391079422E+000  0.605557286959452E+000  0.353995072222706E+000  0.478151281890549E+000  0.727552811199023E-001  0.175107056509827E+000 -0.363820071806887E+001 -0.333902811857648E+001 -0.151002041138830E+001 -0.578888542608110E+001 -0.629200985555459E+001 -0.604369743621890E+001 -0.685448943776020E+001 -0.664978588698035E+001 -0.266519029290746E+002 -0.263854116409992E+002
  0.359365461744813E+000  0.241463826091398E+000  0.767274063736526E+000  0.601194865929350E+000  0.422336219492840E-002  0.478575567832522E+000  0.110384829770971E+000  0.318279562149896E+000 -0.440201077816742E+001 -0.333598582643645E+001 -0.161365671264993E+001 -0.579761026814130E+001 -0.699155327561014E+001 -0.604284886433496E+001 -0.677923034045806E+001 -0.636344087570021E+001 -0.266423847907432E+002 -0.265623974220403E+002
  0.272860250468743E+000  0.444778075992894E+000  0.290900919544140E+000  0.646045563391535E+000  0.789740769838748E-001  0.470215025688463E+000  0.319833641112843E+000  0.200721165462481E+000 -0.455399355592157E+001 -0.336544002538939E+001 -0.254907978285560E+001 -0.570790887321693E+001 -0.684205184603225E+001 -0.605956994862307E+001 -0.636033271777431E+001 -0.659855766907504E+001 -0.266437408519548E+002 -0.264742574590766E+002
  0.409887139931665E+000  0.265294388164995E+000  0.658906596789730E+000  0.587173959480238E+000  0.443929475407966E-001  0.476647634147464E+000  0.556386414522387E-001  0.201066281408886E+000 -0.432045677681611E+001 -0.334212114267069E+001 -0.178123877138303E+001 -0.582565208103952E+001 -0.691121410491841E+001 -0.604670473170507E+001 -0.688872271709552E+001 -0.659786743718223E+001 -0.275964042562521E+002 -0.263374902238569E+002
  0.299256322985959E+000  0.263242990199160E+000  0.755095963019512E+000  0.480998365355519E+000  0.447032447704069E-001  0.490249075352577E+000  0.969408638280619E-001  0.298947365707996E+000 -0.448282609682109E+001 -0.327180292125967E+001 -0.163166824974554E+001 -0.603800326928896E+001 -0.691059351045919E+001 -0.601950184929485E+001 -0.680611827234388E+001 -0.640210526858401E+001 -0.266141818008071E+002 -0.263695631088885E+002
  0.517231255049064E+000  0.252586782826844E+000  0.780137216798513E+000  0.976128040320519E-001  0.505663126842578E-001  0.485578952917195E+000  0.104476866208507E+000  0.279576770984229E+000 -0.411482756844162E+001 -0.328863313475823E+001 -0.159483776324584E+001 -0.680477439193590E+001 -0.689886737463148E+001 -0.602884209416561E+001 -0.679104626758299E+001 -0.644084645803154E+001 -0.267677495039791E+002 -0.263599766848222E+002
  0.434999706385278E+000  0.291674657639839E+000  0.597804592856449E+000  0.740251588122352E+000  0.640953245208351E-001  0.480668628418222E+000  0.723860389049969E-001  0.273386775315189E+000 -0.426795315898714E+001 -0.331713256292526E+001 -0.188397768851580E+001 -0.551949682375530E+001 -0.687180935095833E+001 -0.603866274316356E+001 -0.685522792219001E+001 -0.645322644936962E+001 -0.270209137396932E+002 -0.265078506414234E+002
  0.652242340151094E+000  0.236102436955662E+000  0.714631497780968E+000  0.303025270534876E+000  0.137870616914762E+000  0.466635463683199E+000  0.828838380221051E-001  0.261465105844249E+000 -0.395190475680049E+001 -0.339308922668726E+001 -0.169294416391489E+001 -0.639394945893025E+001 -0.672425876617048E+001 -0.606672907263360E+001 -0.683423232395579E+001 -0.647706978831150E+001 -0.265860931109628E+002 -0.263970522678470E+002
  0.495610252183349E+000  0.246125062356971E+000  0.816715523600850E+000  0.151372654574766E+000  0.530431885613277E-001  0.488417807414109E+000  0.961013963057163E-001  0.237328291267175E+000 -0.414986228987311E+001 -0.328466480186455E+001 -0.154242921697261E+001 -0.669725469085047E+001 -0.689391362287734E+001 -0.602316438517178E+001 -0.680779720738857E+001 -0.652534341746565E+001 -0.266257824997325E+002 -0.261467376898348E+002
  0.438438704038411E+000  0.240604573424028E+000  0.792588126389785E+000  0.340357628205318E+000  0.146786270617922E-001  0.480734221261116E+000  0.993228284921131E-001  0.254885414097972E+000 -0.426380846183752E+001 -0.332087922124234E+001 -0.157681794461141E+001 -0.631928474358936E+001 -0.697064274587642E+001 -0.603853155747777E+001 -0.680135434301577E+001 -0.649022917180406E+001 -0.275518910658284E+002 -0.263279970941245E+002
  0.484056773365783E+000  0.240327682757206E+000  0.818458565193884E+000  0.587871952379732E+000  0.730290455641220E-001  0.483427648874973E+000  0.925226897045623E-001  0.230649559244844E+000 -0.417893429989395E+001 -0.330378223116898E+001 -0.153997123856894E+001 -0.582425609524054E+001 -0.685394190887176E+001 -0.603314470225005E+001 -0.681495462059088E+001 -0.653870088151031E+001 -0.266790321340959E+002 -0.263532453815869E+002
  0.661246375430426E+000  0.241068670148443E+000  0.706629964210640E+000  0.274272939135555E-001  0.156049084677796E+000  0.471309394765331E+000  0.696427744574165E-001  0.237593372324917E+000 -0.393034140974327E+001 -0.338235999469871E+001 -0.170533325214924E+001 -0.694514541217289E+001 -0.668790183064441E+001 -0.605738121046934E+001 -0.686071445108517E+001 -0.652481325535017E+001 -0.266843934607091E+002 -0.264709167099725E+002
  0.663007177930016E+000  0.222322436581870E+000  0.782714823645154E+000  0.421444150455693E-001  0.147466557766054E+000  0.464326284778954E+000  0.682944470735707E-001  0.192811668020633E+000 -0.393432394844772E+001 -0.339266287451149E+001 -0.159109161863747E+001 -0.691571116990886E+001 -0.670506688446789E+001 -0.607134743044209E+001 -0.686341110585286E+001 -0.661437666395873E+001 -0.268456910457854E+002 -0.264462604654859E+002
  0.173211697178649E+000  0.322630392381159E+000  0.478225005676608E+000  0.300517228822179E+000  0.171306551289453E-001  0.475067630773170E+000  0.130840575124126E+000  0.209255091916962E+000 -0.471540882738735E+001 -0.335697486227430E+001 -0.210737876628752E+001 -0.639896554235564E+001 -0.696573868974211E+001 -0.604986473845366E+001 -0.673831884975175E+001 -0.658148981616608E+001 -0.268827686759463E+002 -0.262332693508814E+002
  0.263666393806673E+000  0.205969055811927E+000  0.803070255668287E+000  0.624595765050908E+000  0.177873227510661E-001  0.451356031591045E+000  0.821889522786389E-001  0.216049937832810E+000 -0.458857776586688E+001 -0.343961064512915E+001 -0.156179324069538E+001 -0.575080846989819E+001 -0.696442535449787E+001 -0.609728793681791E+001 -0.683562209544272E+001 -0.656790012433438E+001 -0.287152772727219E+002 -0.265274039133365E+002
  0.301333935181887E+000  0.250167602117436E+000  0.785825069526504E+000  0.498133555901675E+000  0.300892077947955E-001  0.486420532222526E+000  0.103208614647013E+000  0.278838675632895E+000 -0.448553834302472E+001 -0.329271915005276E+001 -0.158658230046904E+001 -0.600373288819665E+001 -0.693982158441041E+001 -0.602715893555495E+001 -0.679358277070597E+001 -0.644232264873421E+001 -0.266443019396669E+002 -0.264767165385912E+002
  0.516932829653734E+000  0.236141197233483E+000  0.808303657911582E+000  0.262088608583120E+000  0.447249706934415E-001  0.479518568564676E+000  0.972903932230267E-001  0.245876976694496E+000 -0.413444968429423E+001 -0.332560389657287E+001 -0.155434076964885E+001 -0.647582278283376E+001 -0.691055005861312E+001 -0.604096286287065E+001 -0.680541921355395E+001 -0.650824604661101E+001 -0.266430665821090E+002 -0.264278101122608E+002
  0.301066837038743E+000  0.219632390840899E+000  0.788101141874938E+000  0.803241599806831E+000  0.526571570560397E-001  0.459236373632887E+000  0.101693018596022E+000  0.262640791104770E+000 -0.451791985715020E+001 -0.339876039622471E+001 -0.158328992363311E+001 -0.539351680038634E+001 -0.689468568588792E+001 -0.608152725273423E+001 -0.679661396280796E+001 -0.647471841779046E+001 -0.268350910954943E+002 -0.264966820678369E+002
  0.595189061700606E+000  0.282811143554597E+000  0.592849221016437E+000  0.142922896348296E-002  0.902583443163257E-001  0.476778286469353E+000  0.895285622922744E-001  0.304141182277801E+000 -0.401644475001590E+001 -0.334749105238287E+001 -0.189261145282106E+001 -0.699714154207303E+001 -0.681948331136735E+001 -0.604644342706129E+001 -0.682094287541545E+001 -0.639171763544440E+001 -0.265890399536595E+002 -0.265189307934723E+002
  0.791810054117976E+000  0.235306305484498E+000  0.851786514243327E+000  0.338965270923244E+000  0.340249356230703E+000  0.483521083679995E+000  0.700907637415954E-001  0.170894117699128E+000 -0.365322351773245E+001 -0.329911671964336E+001 -0.149363009996129E+001 -0.632206945815351E+001 -0.631950128753859E+001 -0.603295783264001E+001 -0.685981847251681E+001 -0.665821176460174E+001 -0.270195239425107E+002 -0.264730426732310E+002
  0.462641337591970E+000  0.255213567189008E+000  0.807344881500238E+000  0.209315249083684E+000  0.495872675493250E-001  0.489843191454402E+000  0.113839702705878E+000  0.279596822551143E+000 -0.419499825435346E+001 -0.325998742387237E+001 -0.155570367488266E+001 -0.658136950183263E+001 -0.690082546490135E+001 -0.602031361709120E+001 -0.677232059458824E+001 -0.644080635489771E+001 -0.269053400699126E+002 -0.264931922510000E+002
  0.249783768055495E+000  0.427429324085169E+000  0.329613766855331E+000  0.365610665671782E+000  0.407412607142025E-002  0.478748024574580E+000  0.269368436937559E+000  0.161803140588299E+000 -0.458273467755104E+001 -0.332949384302565E+001 -0.244485280505953E+001 -0.626877866865644E+001 -0.699185174785716E+001 -0.604250395085084E+001 -0.646126312612488E+001 -0.667639371882340E+001 -0.267109160982428E+002 -0.262924939100680E+002
  0.307774679116105E+000  0.213517336931307E+000  0.801524308798232E+000  0.755128340857204E+000  0.389917298946324E-001  0.456756178224832E+000  0.105146142198129E+000  0.248345640722114E+000 -0.451134482598401E+001 -0.341229572419879E+001 -0.156400089285490E+001 -0.548974331828559E+001 -0.692201654021073E+001 -0.608648764355034E+001 -0.678970771560374E+001 -0.650330871855577E+001 -0.269169970074021E+002 -0.264846599355296E+002
  0.345152668341095E+000  0.248551484455579E+000  0.769207753096394E+000  0.412080034413800E+000  0.391632452351011E-002  0.484495946598932E+000  0.103879849588452E+000  0.285771798463713E+000 -0.441680367797002E+001 -0.331032358859343E+001 -0.161081433724326E+001 -0.617583993117240E+001 -0.699216735095298E+001 -0.603100810680214E+001 -0.679224030082310E+001 -0.642845640307257E+001 -0.273278293190891E+002 -0.261573146667794E+002
  0.360589932078552E+000  0.235616133373184E+000  0.793913049041709E+000  0.542348867687740E+000  0.159777258849453E-001  0.478274001369761E+000  0.923931588501505E-001  0.241185300980260E+000 -0.440050177897318E+001 -0.333745158226929E+001 -0.157491156287918E+001 -0.591530226462452E+001 -0.696804454823011E+001 -0.604345199726048E+001 -0.681521368229970E+001 -0.651762939803948E+001 -0.267362134119554E+002 -0.262006659099089E+002
  0.577719660426946E+000  0.214511658281531E+000  0.861523058713921E+000  0.246117717105494E+000  0.901752636635635E-001  0.472793557621407E+000  0.111794784972237E+000  0.214232494943822E+000 -0.405822814159841E+001 -0.336984627162316E+001 -0.148032055809206E+001 -0.650776456578901E+001 -0.681964947267287E+001 -0.605441288475719E+001 -0.677641043005553E+001 -0.657153501011236E+001 -0.268494592757131E+002 -0.264206552753903E+002
  0.469274139790803E+000  0.240214423049617E+000  0.793264243983377E+000  0.266507767681069E+000  0.937978667052746E-002  0.480291685932048E+000  0.102855034754903E+000  0.260413219827177E+000 -0.421244734820981E+001 -0.332176422050175E+001 -0.157584483902330E+001 -0.646698446463786E+001 -0.698124042665895E+001 -0.603941662813590E+001 -0.679428993049019E+001 -0.647917356034565E+001 -0.278703822766830E+002 -0.262257450316380E+002
  0.440047783941212E+000  0.252806356907334E+000  0.814586548468470E+000  0.302277300886982E+000  0.328966203756741E-001  0.489760782195882E+000  0.120767009312255E+000  0.291241919422270E+000 -0.423565917931153E+001 -0.326305040365667E+001 -0.154543617490533E+001 -0.639544539822604E+001 -0.693420675924865E+001 -0.602047843560824E+001 -0.675846598137549E+001 -0.641751616115546E+001 -0.268709937978986E+002 -0.265499535104286E+002
  0.574216886870042E+000  0.264749420167099E+000  0.674338406524803E+000  0.982287368022307E-001  0.823710848191901E-001  0.481555360472311E+000  0.876775998497129E-001  0.306926758635290E+000 -0.404162919090457E+001 -0.333099508041405E+001 -0.175630427826200E+001 -0.680354252639554E+001 -0.683525783036162E+001 -0.603688927905538E+001 -0.682464480030057E+001 -0.638614648272942E+001 -0.265849629880988E+002 -0.265356683982593E+002
=== dead points ===
